11
2147483647 2147483647 2147483647 2147483647 2147483647 2147483647 2147483647 2147483647 2147483647 2147483647 2147483647 
2147483647 2147483647 5 2147483647 5 5 2147483647 2147483647 5 2147483647 2147483647 
2147483647 2147483647 2147483647 5 2147483647 5 2147483647 2147483647 2147483647 2147483647 2147483647 
2147483647 2147483647 5 2147483647 2147483647 5 2147483647 2147483647 5 2147483647 2147483647 
2147483647 2147483647 2147483647 2147483647 2147483647 5 2147483647 2147483647 2147483647 2147483647 2147483647 
2147483647 2147483647 5 2147483647 2147483647 2147483647 5 5 2147483647 2147483647 2147483647 
2147483647 2147483647 2147483647 2147483647 2147483647 2147483647 2147483647 5 2147483647 2147483647 2147483647 
2147483647 2147483647 2147483647 2147483647 2147483647 2147483647 5 2147483647 5 2147483647 2147483647 
2147483647 2147483647 2147483647 5 2147483647 2147483647 2147483647 5 2147483647 5 5 
2147483647 2147483647 2147483647 2147483647 2147483647 2147483647 2147483647 2147483647 2147483647 2147483647 5 
2147483647 2147483647 2147483647 2147483647 2147483647 2147483647 2147483647 2147483647 5 2147483647 2147483647 

2147483647 2147483647 2147483647 2147483647 2147483647 2147483647 2147483647 2147483647 2147483647 2147483647 2147483647 
2147483647 2147483647 2 2147483647 5 9 2147483647 2147483647 15 2147483647 2147483647 
2147483647 2147483647 2147483647 7 2147483647 11 2147483647 2147483647 2147483647 2147483647 2147483647 
2147483647 2147483647 16 2147483647 2147483647 17 2147483647 2147483647 22 2147483647 2147483647 
2147483647 2147483647 2147483647 2147483647 2147483647 4 2147483647 2147483647 2147483647 2147483647 2147483647 
2147483647 2147483647 11 2147483647 2147483647 2147483647 12 8 2147483647 2147483647 2147483647 
2147483647 2147483647 2147483647 2147483647 2147483647 2147483647 2147483647 8 2147483647 2147483647 2147483647 
2147483647 2147483647 2147483647 2147483647 2147483647 2147483647 8 2147483647 6 2147483647 2147483647 
2147483647 2147483647 2147483647 22 2147483647 2147483647 2147483647 6 2147483647 10 8 
2147483647 2147483647 2147483647 2147483647 2147483647 2147483647 2147483647 2147483647 2147483647 2147483647 9 
2147483647 2147483647 2147483647 2147483647 2147483647 2147483647 2147483647 2147483647 8 2147483647 2147483647 
